[gd_scene load_steps=2 format=2]

[ext_resource path="res://Metal.tres" type="Material" id=1]

[node name="SegmentoTunelLargo" type="CSGCylinder"]
transform = Transform( 1, 0, 0, 0, -4.37114e-08, 1, 0, -1, -4.37114e-08, 0, 0, 0 )
height = 6.0
sides = 15
material = ExtResource( 1 )

[node name="CSGCombiner" type="CSGCombiner" parent="."]
transform = Transform( 1, 0, 0, 0, 1, 0, 0, 0, 1, 0, 4.37114e-08, -1 )
operation = 2

[node name="CSGBox" type="CSGBox" parent="CSGCombiner"]
height = 7.0
depth = 1.0

[node name="CSGCylinder" type="CSGCylinder" parent="CSGCombiner"]
transform = Transform( 1, 0, 0, 0, 1, 0, 0, 0, 1, 0, -4.37114e-08, 1 )
radius = 0.9
height = 7.0
sides = 15
material = ExtResource( 1 )

[node name="Suelo" type="CSGBox" parent="."]
transform = Transform( 1, 0, 0, 0, 1, 0, 0, 0, 1, 0, 0, -0.5 )
width = 1.735
height = 6.0
depth = 0.1
material = ExtResource( 1 )

[node name="Ventana1" type="CSGCylinder" parent="."]
transform = Transform( -3.78552e-08, -0.866025, 0.5, 1, -6.55671e-08, -3.78552e-08, 6.55671e-08, 0.5, 0.866025, -1, 0, 0.5 )
operation = 2
radius = 0.2
sides = 10
material = ExtResource( 1 )

[node name="Ventana4" type="CSGCylinder" parent="."]
transform = Transform( -3.78552e-08, -0.866025, 0.5, 1, -6.55671e-08, -3.78552e-08, 6.55671e-08, 0.5, 0.866025, -1, 2, 0.5 )
operation = 2
radius = 0.2
sides = 10
material = ExtResource( 1 )

[node name="Ventana3" type="CSGCylinder" parent="."]
transform = Transform( -3.78552e-08, -0.866025, 0.5, 1, -6.55671e-08, -3.78552e-08, 6.55671e-08, 0.5, 0.866025, -1, -2, 0.5 )
operation = 2
radius = 0.2
sides = 10
material = ExtResource( 1 )

[node name="Ventana2" type="CSGCylinder" parent="."]
transform = Transform( -3.78552e-08, -0.866025, -0.5, 1, -2.18557e-08, -3.78552e-08, 2.18557e-08, -0.5, 0.866025, 1, 0, 0.5 )
operation = 2
radius = 0.2
sides = 10
material = ExtResource( 1 )

[node name="Ventana6" type="CSGCylinder" parent="."]
transform = Transform( -3.78552e-08, -0.866025, -0.5, 1, -2.18557e-08, -3.78552e-08, 2.18557e-08, -0.5, 0.866025, 1, 2, 0.5 )
operation = 2
radius = 0.2
sides = 10
material = ExtResource( 1 )

[node name="Ventana5" type="CSGCylinder" parent="."]
transform = Transform( -3.78552e-08, -0.866025, -0.5, 1, -2.18557e-08, -3.78552e-08, 2.18557e-08, -0.5, 0.866025, 1, -2, 0.5 )
operation = 2
radius = 0.2
sides = 10
material = ExtResource( 1 )
