[gd_scene load_steps=3 format=2]

[ext_resource path="res://Material_camara_vigilancia.tres" type="Material" id=1]

[sub_resource type="Animation" id=1]
resource_name = "rotacion"
length = 8.0
loop = true
tracks/0/type = "value"
tracks/0/path = NodePath("Cuerpo:rotation_degrees")
tracks/0/interp = 1
tracks/0/loop_wrap = true
tracks/0/imported = false
tracks/0/enabled = true
tracks/0/keys = {
"times": PoolRealArray( 0, 1, 4, 5, 8 ),
"transitions": PoolRealArray( 1, 1, 1, 1, 1 ),
"update": 0,
"values": [ Vector3( 0, 30, 0 ), Vector3( 0, 30, 0 ), Vector3( 0, -30, 0 ), Vector3( 0, -30, 0 ), Vector3( 0, 30, 0 ) ]
}
tracks/1/type = "value"
tracks/1/path = NodePath("Cuerpo/Viewport/Camera:rotation_degrees")
tracks/1/interp = 1
tracks/1/loop_wrap = true
tracks/1/imported = false
tracks/1/enabled = true
tracks/1/keys = {
"times": PoolRealArray( 0, 1, 4, 5, 8 ),
"transitions": PoolRealArray( 1, 1, 1, 1, 1 ),
"update": 0,
"values": [ Vector3( -10, 160, 0 ), Vector3( -10, 160, 0 ), Vector3( -10, 130, 0 ), Vector3( -10, 130, 0 ), Vector3( -10, 160, 0 ) ]
}

[node name="CamaraVigilancia" type="Spatial"]
transform = Transform( 0.700861, -0.137217, -0.699975, -0.143107, 0.93432, -0.326444, 0.698794, 0.328964, 0.635192, 0.836636, 0.558967, -0.864177 )

[node name="Cuerpo" type="CSGBox" parent="."]
transform = Transform( 0.866025, 0, -0.5, 0, 1, 0, 0.5, 0, 0.866025, 0, 0.173302, 0.0156527 )
width = 0.0391915
height = 0.0265028
depth = 0.046553
material = ExtResource( 1 )

[node name="Objetivo" type="CSGCylinder" parent="Cuerpo"]
transform = Transform( 1, 0, 0, 0, -4.37114e-08, -1, 0, 1, -4.37114e-08, 0, 0, 0.0230852 )
radius = 0.0106092
height = 0.0306035
sides = 9
material = ExtResource( 1 )

[node name="Viewport" type="Viewport" parent="Cuerpo"]
size = Vector2( 256, 256 )
render_target_v_flip = true

[node name="Camera" type="Camera" parent="Cuerpo/Viewport"]
transform = Transform( -0.642788, -0.133022, 0.754407, 0, 0.984808, 0.173648, -0.766044, 0.111619, -0.633022, 0.788736, 0.706688, -0.772688 )
current = true
fov = 50.0

[node name="Soporte" type="CSGBox" parent="."]
transform = Transform( 1, 0, 0, 0, 1, 0, 0, 0, 1, 0, 0.133173, -0.00868607 )
width = 0.00939458
height = 0.0081643
depth = 0.0623878
material = ExtResource( 1 )

[node name="Eje" type="CSGCylinder" parent="Soporte"]
transform = Transform( 1, 0, 0, 0, 1, 0, 0, 0, 1, 0, 0.0199644, 0.0232867 )
radius = 0.00350526
height = 0.0382462
sides = 6
material = ExtResource( 1 )

[node name="AnimationPlayer" type="AnimationPlayer" parent="."]
autoplay = "rotacion"
anims/rotacion = SubResource( 1 )
